813479
123594
1034707
422310
8274473
1288576
997772
255459
245800
4282074
1844137
325871
236440
3419673
1374039
828940
514765
751985
782989
421923
1629467
1904097
2872579
1573354
554662
1441911
231667
333319
533736
384826
2215422
472422
4769700
2142651
141278
2933388
502496
1037291
3276363
296571
862449
170924
1087437
3528633
327670
219262
1959532
1750848
303857
1677211
82868
1266546
193841
1230111
638017
5011781
1073589
629428
152374
17367
4045624
2048744
120566
403012
2031527
1345648
682379
699655
1048462
1148275
295273
959862
1108854
2048639
1275409
724597
1445814
242763
452979
412827
316534
1613207
346832
2742298
2128474
168601
2674491
960165
738475
2655885
165391
1034896
203054
1479178
4479328
596030
98974
1725005
1229216
397466
1262393
164958
